Image: aruco_detection_test.png
Camera pose (RPY): [0.0, -0.4, 0.4, 3.14159, 0.0, 3.14159]
Prism width: 0.08 m
Gripper close %: 42.9%

Detected 3 marker(s):

--- Marker ID 2 ---
T_cam_marker:
[[-0.44705366 -0.87846168 -0.16866566  0.19078173]
 [-0.8528683   0.47545699 -0.21576915  0.05545866]
 [ 0.26973819  0.0473892  -0.9617669   0.52270579]
 [ 0.          0.          0.          1.        ]]

T_base_marker:
[[ 0.4470514   0.87846294  0.16866509 -0.19078158]
 [-0.85286877  0.47545478 -0.21577215 -0.34453945]
 [-0.26974046 -0.04738794  0.96176633 -0.12270564]
 [ 0.          0.          0.          1.        ]]

T_base_gripper (grasp pose):
[[ 0.4470514  -0.87846294 -0.16866509 -0.10910963]
 [-0.85286877 -0.47545478  0.21577215 -0.39628953]
 [-0.26974046  0.04738794 -0.96176633  0.02798584]
 [ 0.          0.          0.          1.        ]]

Gripper position: [-0.10911 -0.39629  0.02799]
Gripper z-axis:   [-0.16867  0.21577 -0.96177]

--- Marker ID 3 ---
T_cam_marker:
[[-0.81812479  0.43228368 -0.37921319  0.05610228]
 [ 0.38341142  0.90154445  0.2005325  -0.03296504]
 [ 0.42856448  0.01866595 -0.90331837  0.41169875]
 [ 0.          0.          0.          1.        ]]

T_base_marker:
[[ 0.81812581 -0.43228129  0.37921372 -0.05610237]
 [ 0.38341038  0.90154565  0.2005291  -0.43296379]
 [-0.42856346 -0.01866356  0.9033189  -0.01169884]
 [ 0.          0.          0.          1.        ]]

T_base_gripper (grasp pose):
[[ 0.81812581  0.43228129 -0.37921372  0.02374899]
 [ 0.38341038 -0.90154565 -0.2005291  -0.34750139]
 [-0.42856346  0.01866356 -0.9033189   0.12386015]
 [ 0.          0.          0.          1.        ]]

Gripper position: [ 0.02375 -0.3475   0.12386]
Gripper z-axis:   [-0.37921 -0.20053 -0.90332]

--- Marker ID 4 ---
T_cam_marker:
[[-4.78935364e-01 -8.76898960e-01 -4.08550001e-02  1.24969815e-01]
 [-8.73658322e-01  4.80674599e-01 -7.53197680e-02  1.89169319e-02]
 [ 8.56857870e-02 -3.79989674e-04 -9.96322137e-01  4.74855387e-01]
 [ 0.00000000e+00  0.00000000e+00  0.00000000e+00  1.00000000e+00]]

T_base_marker:
[[ 4.78933046e-01  8.76900235e-01  4.08548003e-02 -1.24969765e-01]
 [-8.73659365e-01  4.80672271e-01 -7.53225202e-02 -3.81081476e-01]
 [-8.56881053e-02  3.81265187e-04  9.96321938e-01 -7.48553371e-02]
 [ 0.00000000e+00  0.00000000e+00  0.00000000e+00  1.00000000e+00]]

T_base_gripper (grasp pose):
[[ 4.78933046e-01 -8.76900235e-01 -4.08548003e-02 -6.37963706e-02]
 [-8.73659365e-01 -4.80672271e-01  7.53225202e-02 -4.09596104e-01]
 [-8.56881053e-02 -3.81265187e-04 -9.96321938e-01  9.09790201e-02]
 [ 0.00000000e+00  0.00000000e+00  0.00000000e+00  1.00000000e+00]]

Gripper position: [-0.0638  -0.4096   0.09098]
Gripper z-axis:   [-0.04085  0.07532 -0.99632]
